144.48
234.16
230.21
243.69
201.95
63.36
210.64
264.75
135.35
362.56
432.35
602.74
392.62
183.94
250.92
113.80
73.24
321.75
102.37
282.52
52.04
178.14
63.72
298.68
87.71
184.68
261.23
219.22
87.29
91.28
231.90
19.80
170.23
51.91
276.76
66.83
40.89
60.19
334.73
200.32
199.58
203.70
92.67
181.53
169.19
302.47
132.23
166.63
233.08
121.46
288.55
51.37
50.71
87.25
452.34
44.56
99.00
211.35
56.97
189.86
134.51
155.35
134.52
203.01
108.92
281.05
158.07
85.11
262.64
183.44
159.94
103.81
83.50
172.81
150.03
74.11
123.44
72.28
112.19
134.13
181.04
95.15
236.53
215.69
149.40
349.50
93.40
94.60
422.33
158.17
227.94
499.58
383.69
528.66
423.38
121.44
135.15
238.27
244.27
88.39
165.13
207.31
533.49
424.86
491.72
145.90
155.33
125.18
166.82
112.30
153.65
123.72
398.29
267.51
206.48
177.44
505.70
232.02
214.90
160.81
203.34
166.54
116.40
324.65
234.54
345.50
240.01
98.09
267.90
377.98
119.05
53.80
65.65
152.92
327.36
111.04
146.47
128.29
331.19
305.78
170.74
420.21
232.14
465.35
196.53
421.04
212.65
258.70
390.22
218.07
208.00
216.06
267.13
140.80
293.48
164.75
274.34
430.76
502.86
329.13
343.65
294.55
158.86
171.13
163.33
183.66
178.45
345.64
266.58
312.74
317.57
226.84
200.82
295.52
267.50
296.82
252.08
268.85
210.28
216.60
187.18
176.43
273.74
338.65
303.54
255.48
188.80
426.63
483.01
614.03
616.89
776.52
493.94
470.89
537.72
456.49
571.65
881.33
674.53
579.78
764.85
562.13
863.76
774.64
734.43
714.58
1130.21
869.26
778.32
867.17
814.67
1072.61
1020.54
380.67
346.11
185.90
178.77
371.12
280.35
248.07
289.42
346.60
270.95
322.72
241.37
316.68
291.89
358.25
449.73
382.55
539.59
309.23
412.41
370.93
276.95
540.24
448.37
361.30
359.27
322.41
473.89
308.99
394.38
322.26
445.18
367.30
315.12
287.08
256.45
500.05
245.29
396.39
259.83
225.71
482.88
851.22
320.94
324.56
439.64
452.00
404.39
367.70
418.00
387.17
724.58
568.07
530.52
296.43
397.37
368.05
279.07
313.98
409.53
604.53
365.88
318.31
591.74
447.96
362.18
423.23
336.94
676.58
355.83
353.97
719.11
470.25
492.67
526.13
397.52
468.21
380.08
602.26
498.54
473.06
613.99
723.40
424.71
373.42
428.98
7.426
